{
 "cells": [
  {
   "cell_type": "markdown",
   "metadata": {
    "id": "ms97eCVBapa-"
   },
   "source": [
    "# Import Library"
   ]
  },
  {
   "cell_type": "code",
   "execution_count": 710,
   "metadata": {
    "id": "V__Ft7CXWIF2"
   },
   "outputs": [],
   "source": [
    "import pandas as pd\n",
    "import numpy as np\n",
    "import matplotlib.pyplot as plt"
   ]
  },
  {
   "cell_type": "markdown",
   "metadata": {
    "id": "atR17kRZasV2"
   },
   "source": [
    "# Import Dataset"
   ]
  },
  {
   "cell_type": "code",
   "execution_count": 571,
   "metadata": {
    "id": "cSSNs0AtWMWX"
   },
   "outputs": [],
   "source": [
    "dataset = pd.read_csv('data_bike_sharing.csv')"
   ]
  },
  {
   "cell_type": "code",
   "execution_count": 573,
   "metadata": {
    "colab": {
     "base_uri": "https://localhost:8080/"
    },
    "id": "Q55JNgqCaoD6",
    "outputId": "19760617-e242-4ff3-9712-a4bba167b877"
   },
   "outputs": [
    {
     "data": {
      "text/html": [
       "<div>\n",
       "<style scoped>\n",
       "    .dataframe tbody tr th:only-of-type {\n",
       "        vertical-align: middle;\n",
       "    }\n",
       "\n",
       "    .dataframe tbody tr th {\n",
       "        vertical-align: top;\n",
       "    }\n",
       "\n",
       "    .dataframe thead th {\n",
       "        text-align: right;\n",
       "    }\n",
       "</style>\n",
       "<table border=\"1\" class=\"dataframe\">\n",
       "  <thead>\n",
       "    <tr style=\"text-align: right;\">\n",
       "      <th></th>\n",
       "      <th>dteday</th>\n",
       "      <th>hum</th>\n",
       "      <th>weathersit</th>\n",
       "      <th>holiday</th>\n",
       "      <th>season</th>\n",
       "      <th>atemp</th>\n",
       "      <th>temp</th>\n",
       "      <th>hr</th>\n",
       "      <th>casual</th>\n",
       "      <th>registered</th>\n",
       "      <th>cnt</th>\n",
       "    </tr>\n",
       "  </thead>\n",
       "  <tbody>\n",
       "    <tr>\n",
       "      <th>0</th>\n",
       "      <td>2011-12-09</td>\n",
       "      <td>0.62</td>\n",
       "      <td>1</td>\n",
       "      <td>0</td>\n",
       "      <td>4</td>\n",
       "      <td>0.3485</td>\n",
       "      <td>0.36</td>\n",
       "      <td>16</td>\n",
       "      <td>24</td>\n",
       "      <td>226</td>\n",
       "      <td>250</td>\n",
       "    </tr>\n",
       "    <tr>\n",
       "      <th>1</th>\n",
       "      <td>2012-06-17</td>\n",
       "      <td>0.64</td>\n",
       "      <td>1</td>\n",
       "      <td>0</td>\n",
       "      <td>2</td>\n",
       "      <td>0.5152</td>\n",
       "      <td>0.54</td>\n",
       "      <td>4</td>\n",
       "      <td>2</td>\n",
       "      <td>16</td>\n",
       "      <td>18</td>\n",
       "    </tr>\n",
       "    <tr>\n",
       "      <th>2</th>\n",
       "      <td>2011-06-15</td>\n",
       "      <td>0.53</td>\n",
       "      <td>1</td>\n",
       "      <td>0</td>\n",
       "      <td>2</td>\n",
       "      <td>0.6212</td>\n",
       "      <td>0.62</td>\n",
       "      <td>23</td>\n",
       "      <td>17</td>\n",
       "      <td>90</td>\n",
       "      <td>107</td>\n",
       "    </tr>\n",
       "    <tr>\n",
       "      <th>3</th>\n",
       "      <td>2012-03-31</td>\n",
       "      <td>0.87</td>\n",
       "      <td>2</td>\n",
       "      <td>0</td>\n",
       "      <td>2</td>\n",
       "      <td>0.3485</td>\n",
       "      <td>0.36</td>\n",
       "      <td>8</td>\n",
       "      <td>19</td>\n",
       "      <td>126</td>\n",
       "      <td>145</td>\n",
       "    </tr>\n",
       "    <tr>\n",
       "      <th>4</th>\n",
       "      <td>2012-07-31</td>\n",
       "      <td>0.55</td>\n",
       "      <td>1</td>\n",
       "      <td>0</td>\n",
       "      <td>3</td>\n",
       "      <td>0.6970</td>\n",
       "      <td>0.76</td>\n",
       "      <td>18</td>\n",
       "      <td>99</td>\n",
       "      <td>758</td>\n",
       "      <td>857</td>\n",
       "    </tr>\n",
       "  </tbody>\n",
       "</table>\n",
       "</div>"
      ],
      "text/plain": [
       "       dteday   hum  weathersit  holiday  season   atemp  temp  hr  casual  \\\n",
       "0  2011-12-09  0.62           1        0       4  0.3485  0.36  16      24   \n",
       "1  2012-06-17  0.64           1        0       2  0.5152  0.54   4       2   \n",
       "2  2011-06-15  0.53           1        0       2  0.6212  0.62  23      17   \n",
       "3  2012-03-31  0.87           2        0       2  0.3485  0.36   8      19   \n",
       "4  2012-07-31  0.55           1        0       3  0.6970  0.76  18      99   \n",
       "\n",
       "   registered  cnt  \n",
       "0         226  250  \n",
       "1          16   18  \n",
       "2          90  107  \n",
       "3         126  145  \n",
       "4         758  857  "
      ]
     },
     "execution_count": 573,
     "metadata": {},
     "output_type": "execute_result"
    }
   ],
   "source": [
    "dataset.head()"
   ]
  },
  {
   "cell_type": "markdown",
   "metadata": {
    "id": "-9iPHl_uaw_y"
   },
   "source": [
    "# Feature Selection"
   ]
  },
  {
   "cell_type": "code",
   "execution_count": 576,
   "metadata": {
    "id": "i1IeVbr0Wp_m"
   },
   "outputs": [],
   "source": [
    "#Remove the dteday column because it makes us cannot do correlation matrix\n",
    "dataset.drop('dteday', axis=1, inplace=True)\n",
    "\n",
    "#Remove cnt column, because it is just the addition of casual and registered\n",
    "dataset.drop('cnt', axis=1, inplace=True)\n",
    "#dataset.drop('casual', axis=1, inplace=True)\n",
    "#dataset.drop('registered', axis=1, inplace=True)"
   ]
  },
  {
   "cell_type": "code",
   "execution_count": 578,
   "metadata": {
    "colab": {
     "base_uri": "https://localhost:8080/"
    },
    "id": "zsQxugAba6EG",
    "outputId": "3e638f96-770d-4c13-a3bd-674079662e79"
   },
   "outputs": [
    {
     "data": {
      "text/html": [
       "<div>\n",
       "<style scoped>\n",
       "    .dataframe tbody tr th:only-of-type {\n",
       "        vertical-align: middle;\n",
       "    }\n",
       "\n",
       "    .dataframe tbody tr th {\n",
       "        vertical-align: top;\n",
       "    }\n",
       "\n",
       "    .dataframe thead th {\n",
       "        text-align: right;\n",
       "    }\n",
       "</style>\n",
       "<table border=\"1\" class=\"dataframe\">\n",
       "  <thead>\n",
       "    <tr style=\"text-align: right;\">\n",
       "      <th></th>\n",
       "      <th>hum</th>\n",
       "      <th>weathersit</th>\n",
       "      <th>holiday</th>\n",
       "      <th>season</th>\n",
       "      <th>atemp</th>\n",
       "      <th>temp</th>\n",
       "      <th>hr</th>\n",
       "      <th>casual</th>\n",
       "      <th>registered</th>\n",
       "    </tr>\n",
       "  </thead>\n",
       "  <tbody>\n",
       "    <tr>\n",
       "      <th>hum</th>\n",
       "      <td>1.000000</td>\n",
       "      <td>0.415240</td>\n",
       "      <td>-0.011946</td>\n",
       "      <td>0.145679</td>\n",
       "      <td>-0.051782</td>\n",
       "      <td>-0.068842</td>\n",
       "      <td>-0.279156</td>\n",
       "      <td>-0.345498</td>\n",
       "      <td>-0.269805</td>\n",
       "    </tr>\n",
       "    <tr>\n",
       "      <th>weathersit</th>\n",
       "      <td>0.415240</td>\n",
       "      <td>1.000000</td>\n",
       "      <td>-0.022009</td>\n",
       "      <td>-0.017910</td>\n",
       "      <td>-0.105332</td>\n",
       "      <td>-0.103030</td>\n",
       "      <td>-0.018132</td>\n",
       "      <td>-0.148261</td>\n",
       "      <td>-0.121773</td>\n",
       "    </tr>\n",
       "    <tr>\n",
       "      <th>holiday</th>\n",
       "      <td>-0.011946</td>\n",
       "      <td>-0.022009</td>\n",
       "      <td>1.000000</td>\n",
       "      <td>-0.006507</td>\n",
       "      <td>-0.026845</td>\n",
       "      <td>-0.023884</td>\n",
       "      <td>-0.000848</td>\n",
       "      <td>0.036796</td>\n",
       "      <td>-0.048350</td>\n",
       "    </tr>\n",
       "    <tr>\n",
       "      <th>season</th>\n",
       "      <td>0.145679</td>\n",
       "      <td>-0.017910</td>\n",
       "      <td>-0.006507</td>\n",
       "      <td>1.000000</td>\n",
       "      <td>0.326234</td>\n",
       "      <td>0.319737</td>\n",
       "      <td>-0.011831</td>\n",
       "      <td>0.132017</td>\n",
       "      <td>0.179896</td>\n",
       "    </tr>\n",
       "    <tr>\n",
       "      <th>atemp</th>\n",
       "      <td>-0.051782</td>\n",
       "      <td>-0.105332</td>\n",
       "      <td>-0.026845</td>\n",
       "      <td>0.326234</td>\n",
       "      <td>1.000000</td>\n",
       "      <td>0.987352</td>\n",
       "      <td>0.140835</td>\n",
       "      <td>0.452337</td>\n",
       "      <td>0.330228</td>\n",
       "    </tr>\n",
       "    <tr>\n",
       "      <th>temp</th>\n",
       "      <td>-0.068842</td>\n",
       "      <td>-0.103030</td>\n",
       "      <td>-0.023884</td>\n",
       "      <td>0.319737</td>\n",
       "      <td>0.987352</td>\n",
       "      <td>1.000000</td>\n",
       "      <td>0.143867</td>\n",
       "      <td>0.456828</td>\n",
       "      <td>0.331619</td>\n",
       "    </tr>\n",
       "    <tr>\n",
       "      <th>hr</th>\n",
       "      <td>-0.279156</td>\n",
       "      <td>-0.018132</td>\n",
       "      <td>-0.000848</td>\n",
       "      <td>-0.011831</td>\n",
       "      <td>0.140835</td>\n",
       "      <td>0.143867</td>\n",
       "      <td>1.000000</td>\n",
       "      <td>0.303310</td>\n",
       "      <td>0.374755</td>\n",
       "    </tr>\n",
       "    <tr>\n",
       "      <th>casual</th>\n",
       "      <td>-0.345498</td>\n",
       "      <td>-0.148261</td>\n",
       "      <td>0.036796</td>\n",
       "      <td>0.132017</td>\n",
       "      <td>0.452337</td>\n",
       "      <td>0.456828</td>\n",
       "      <td>0.303310</td>\n",
       "      <td>1.000000</td>\n",
       "      <td>0.506877</td>\n",
       "    </tr>\n",
       "    <tr>\n",
       "      <th>registered</th>\n",
       "      <td>-0.269805</td>\n",
       "      <td>-0.121773</td>\n",
       "      <td>-0.048350</td>\n",
       "      <td>0.179896</td>\n",
       "      <td>0.330228</td>\n",
       "      <td>0.331619</td>\n",
       "      <td>0.374755</td>\n",
       "      <td>0.506877</td>\n",
       "      <td>1.000000</td>\n",
       "    </tr>\n",
       "  </tbody>\n",
       "</table>\n",
       "</div>"
      ],
      "text/plain": [
       "                 hum  weathersit   holiday    season     atemp      temp  \\\n",
       "hum         1.000000    0.415240 -0.011946  0.145679 -0.051782 -0.068842   \n",
       "weathersit  0.415240    1.000000 -0.022009 -0.017910 -0.105332 -0.103030   \n",
       "holiday    -0.011946   -0.022009  1.000000 -0.006507 -0.026845 -0.023884   \n",
       "season      0.145679   -0.017910 -0.006507  1.000000  0.326234  0.319737   \n",
       "atemp      -0.051782   -0.105332 -0.026845  0.326234  1.000000  0.987352   \n",
       "temp       -0.068842   -0.103030 -0.023884  0.319737  0.987352  1.000000   \n",
       "hr         -0.279156   -0.018132 -0.000848 -0.011831  0.140835  0.143867   \n",
       "casual     -0.345498   -0.148261  0.036796  0.132017  0.452337  0.456828   \n",
       "registered -0.269805   -0.121773 -0.048350  0.179896  0.330228  0.331619   \n",
       "\n",
       "                  hr    casual  registered  \n",
       "hum        -0.279156 -0.345498   -0.269805  \n",
       "weathersit -0.018132 -0.148261   -0.121773  \n",
       "holiday    -0.000848  0.036796   -0.048350  \n",
       "season     -0.011831  0.132017    0.179896  \n",
       "atemp       0.140835  0.452337    0.330228  \n",
       "temp        0.143867  0.456828    0.331619  \n",
       "hr          1.000000  0.303310    0.374755  \n",
       "casual      0.303310  1.000000    0.506877  \n",
       "registered  0.374755  0.506877    1.000000  "
      ]
     },
     "execution_count": 578,
     "metadata": {},
     "output_type": "execute_result"
    }
   ],
   "source": [
    "correlation_matrix = dataset.corr()\n",
    "correlation_matrix"
   ]
  },
  {
   "cell_type": "code",
   "execution_count": 580,
   "metadata": {
    "id": "_l19GMFfbao6"
   },
   "outputs": [],
   "source": [
    "#We can see that atemp and temp has Multicollinearity, so we will remove 1 of it\n",
    "dataset.drop('atemp', axis=1, inplace=True)"
   ]
  },
  {
   "cell_type": "code",
   "execution_count": 582,
   "metadata": {
    "colab": {
     "base_uri": "https://localhost:8080/"
    },
    "id": "cfR3GTpWbnBb",
    "outputId": "9cbbcca3-3b63-4152-c303-051c29b0fac9"
   },
   "outputs": [
    {
     "data": {
      "text/html": [
       "<div>\n",
       "<style scoped>\n",
       "    .dataframe tbody tr th:only-of-type {\n",
       "        vertical-align: middle;\n",
       "    }\n",
       "\n",
       "    .dataframe tbody tr th {\n",
       "        vertical-align: top;\n",
       "    }\n",
       "\n",
       "    .dataframe thead th {\n",
       "        text-align: right;\n",
       "    }\n",
       "</style>\n",
       "<table border=\"1\" class=\"dataframe\">\n",
       "  <thead>\n",
       "    <tr style=\"text-align: right;\">\n",
       "      <th></th>\n",
       "      <th>hum</th>\n",
       "      <th>weathersit</th>\n",
       "      <th>holiday</th>\n",
       "      <th>season</th>\n",
       "      <th>temp</th>\n",
       "      <th>hr</th>\n",
       "      <th>casual</th>\n",
       "      <th>registered</th>\n",
       "    </tr>\n",
       "  </thead>\n",
       "  <tbody>\n",
       "    <tr>\n",
       "      <th>hum</th>\n",
       "      <td>1.000000</td>\n",
       "      <td>0.415240</td>\n",
       "      <td>-0.011946</td>\n",
       "      <td>0.145679</td>\n",
       "      <td>-0.068842</td>\n",
       "      <td>-0.279156</td>\n",
       "      <td>-0.345498</td>\n",
       "      <td>-0.269805</td>\n",
       "    </tr>\n",
       "    <tr>\n",
       "      <th>weathersit</th>\n",
       "      <td>0.415240</td>\n",
       "      <td>1.000000</td>\n",
       "      <td>-0.022009</td>\n",
       "      <td>-0.017910</td>\n",
       "      <td>-0.103030</td>\n",
       "      <td>-0.018132</td>\n",
       "      <td>-0.148261</td>\n",
       "      <td>-0.121773</td>\n",
       "    </tr>\n",
       "    <tr>\n",
       "      <th>holiday</th>\n",
       "      <td>-0.011946</td>\n",
       "      <td>-0.022009</td>\n",
       "      <td>1.000000</td>\n",
       "      <td>-0.006507</td>\n",
       "      <td>-0.023884</td>\n",
       "      <td>-0.000848</td>\n",
       "      <td>0.036796</td>\n",
       "      <td>-0.048350</td>\n",
       "    </tr>\n",
       "    <tr>\n",
       "      <th>season</th>\n",
       "      <td>0.145679</td>\n",
       "      <td>-0.017910</td>\n",
       "      <td>-0.006507</td>\n",
       "      <td>1.000000</td>\n",
       "      <td>0.319737</td>\n",
       "      <td>-0.011831</td>\n",
       "      <td>0.132017</td>\n",
       "      <td>0.179896</td>\n",
       "    </tr>\n",
       "    <tr>\n",
       "      <th>temp</th>\n",
       "      <td>-0.068842</td>\n",
       "      <td>-0.103030</td>\n",
       "      <td>-0.023884</td>\n",
       "      <td>0.319737</td>\n",
       "      <td>1.000000</td>\n",
       "      <td>0.143867</td>\n",
       "      <td>0.456828</td>\n",
       "      <td>0.331619</td>\n",
       "    </tr>\n",
       "    <tr>\n",
       "      <th>hr</th>\n",
       "      <td>-0.279156</td>\n",
       "      <td>-0.018132</td>\n",
       "      <td>-0.000848</td>\n",
       "      <td>-0.011831</td>\n",
       "      <td>0.143867</td>\n",
       "      <td>1.000000</td>\n",
       "      <td>0.303310</td>\n",
       "      <td>0.374755</td>\n",
       "    </tr>\n",
       "    <tr>\n",
       "      <th>casual</th>\n",
       "      <td>-0.345498</td>\n",
       "      <td>-0.148261</td>\n",
       "      <td>0.036796</td>\n",
       "      <td>0.132017</td>\n",
       "      <td>0.456828</td>\n",
       "      <td>0.303310</td>\n",
       "      <td>1.000000</td>\n",
       "      <td>0.506877</td>\n",
       "    </tr>\n",
       "    <tr>\n",
       "      <th>registered</th>\n",
       "      <td>-0.269805</td>\n",
       "      <td>-0.121773</td>\n",
       "      <td>-0.048350</td>\n",
       "      <td>0.179896</td>\n",
       "      <td>0.331619</td>\n",
       "      <td>0.374755</td>\n",
       "      <td>0.506877</td>\n",
       "      <td>1.000000</td>\n",
       "    </tr>\n",
       "  </tbody>\n",
       "</table>\n",
       "</div>"
      ],
      "text/plain": [
       "                 hum  weathersit   holiday    season      temp        hr  \\\n",
       "hum         1.000000    0.415240 -0.011946  0.145679 -0.068842 -0.279156   \n",
       "weathersit  0.415240    1.000000 -0.022009 -0.017910 -0.103030 -0.018132   \n",
       "holiday    -0.011946   -0.022009  1.000000 -0.006507 -0.023884 -0.000848   \n",
       "season      0.145679   -0.017910 -0.006507  1.000000  0.319737 -0.011831   \n",
       "temp       -0.068842   -0.103030 -0.023884  0.319737  1.000000  0.143867   \n",
       "hr         -0.279156   -0.018132 -0.000848 -0.011831  0.143867  1.000000   \n",
       "casual     -0.345498   -0.148261  0.036796  0.132017  0.456828  0.303310   \n",
       "registered -0.269805   -0.121773 -0.048350  0.179896  0.331619  0.374755   \n",
       "\n",
       "              casual  registered  \n",
       "hum        -0.345498   -0.269805  \n",
       "weathersit -0.148261   -0.121773  \n",
       "holiday     0.036796   -0.048350  \n",
       "season      0.132017    0.179896  \n",
       "temp        0.456828    0.331619  \n",
       "hr          0.303310    0.374755  \n",
       "casual      1.000000    0.506877  \n",
       "registered  0.506877    1.000000  "
      ]
     },
     "execution_count": 582,
     "metadata": {},
     "output_type": "execute_result"
    }
   ],
   "source": [
    "correlation_matrix = dataset.corr()\n",
    "correlation_matrix"
   ]
  },
  {
   "cell_type": "code",
   "execution_count": 584,
   "metadata": {
    "id": "7jteAm6Bb3LI"
   },
   "outputs": [],
   "source": [
    "#We can see that humidty and weathersit has a correlation between each other, so we will remove the weather sit\n",
    "dataset.drop('weathersit', axis=1, inplace=True)"
   ]
  },
  {
   "cell_type": "code",
   "execution_count": 586,
   "metadata": {
    "colab": {
     "base_uri": "https://localhost:8080/"
    },
    "id": "CWLWXiIUcByC",
    "outputId": "a72eeca1-5f53-4891-ec14-8f1f45913149"
   },
   "outputs": [
    {
     "data": {
      "text/html": [
       "<div>\n",
       "<style scoped>\n",
       "    .dataframe tbody tr th:only-of-type {\n",
       "        vertical-align: middle;\n",
       "    }\n",
       "\n",
       "    .dataframe tbody tr th {\n",
       "        vertical-align: top;\n",
       "    }\n",
       "\n",
       "    .dataframe thead th {\n",
       "        text-align: right;\n",
       "    }\n",
       "</style>\n",
       "<table border=\"1\" class=\"dataframe\">\n",
       "  <thead>\n",
       "    <tr style=\"text-align: right;\">\n",
       "      <th></th>\n",
       "      <th>hum</th>\n",
       "      <th>holiday</th>\n",
       "      <th>season</th>\n",
       "      <th>temp</th>\n",
       "      <th>hr</th>\n",
       "      <th>casual</th>\n",
       "      <th>registered</th>\n",
       "    </tr>\n",
       "  </thead>\n",
       "  <tbody>\n",
       "    <tr>\n",
       "      <th>hum</th>\n",
       "      <td>1.000000</td>\n",
       "      <td>-0.011946</td>\n",
       "      <td>0.145679</td>\n",
       "      <td>-0.068842</td>\n",
       "      <td>-0.279156</td>\n",
       "      <td>-0.345498</td>\n",
       "      <td>-0.269805</td>\n",
       "    </tr>\n",
       "    <tr>\n",
       "      <th>holiday</th>\n",
       "      <td>-0.011946</td>\n",
       "      <td>1.000000</td>\n",
       "      <td>-0.006507</td>\n",
       "      <td>-0.023884</td>\n",
       "      <td>-0.000848</td>\n",
       "      <td>0.036796</td>\n",
       "      <td>-0.048350</td>\n",
       "    </tr>\n",
       "    <tr>\n",
       "      <th>season</th>\n",
       "      <td>0.145679</td>\n",
       "      <td>-0.006507</td>\n",
       "      <td>1.000000</td>\n",
       "      <td>0.319737</td>\n",
       "      <td>-0.011831</td>\n",
       "      <td>0.132017</td>\n",
       "      <td>0.179896</td>\n",
       "    </tr>\n",
       "    <tr>\n",
       "      <th>temp</th>\n",
       "      <td>-0.068842</td>\n",
       "      <td>-0.023884</td>\n",
       "      <td>0.319737</td>\n",
       "      <td>1.000000</td>\n",
       "      <td>0.143867</td>\n",
       "      <td>0.456828</td>\n",
       "      <td>0.331619</td>\n",
       "    </tr>\n",
       "    <tr>\n",
       "      <th>hr</th>\n",
       "      <td>-0.279156</td>\n",
       "      <td>-0.000848</td>\n",
       "      <td>-0.011831</td>\n",
       "      <td>0.143867</td>\n",
       "      <td>1.000000</td>\n",
       "      <td>0.303310</td>\n",
       "      <td>0.374755</td>\n",
       "    </tr>\n",
       "    <tr>\n",
       "      <th>casual</th>\n",
       "      <td>-0.345498</td>\n",
       "      <td>0.036796</td>\n",
       "      <td>0.132017</td>\n",
       "      <td>0.456828</td>\n",
       "      <td>0.303310</td>\n",
       "      <td>1.000000</td>\n",
       "      <td>0.506877</td>\n",
       "    </tr>\n",
       "    <tr>\n",
       "      <th>registered</th>\n",
       "      <td>-0.269805</td>\n",
       "      <td>-0.048350</td>\n",
       "      <td>0.179896</td>\n",
       "      <td>0.331619</td>\n",
       "      <td>0.374755</td>\n",
       "      <td>0.506877</td>\n",
       "      <td>1.000000</td>\n",
       "    </tr>\n",
       "  </tbody>\n",
       "</table>\n",
       "</div>"
      ],
      "text/plain": [
       "                 hum   holiday    season      temp        hr    casual  \\\n",
       "hum         1.000000 -0.011946  0.145679 -0.068842 -0.279156 -0.345498   \n",
       "holiday    -0.011946  1.000000 -0.006507 -0.023884 -0.000848  0.036796   \n",
       "season      0.145679 -0.006507  1.000000  0.319737 -0.011831  0.132017   \n",
       "temp       -0.068842 -0.023884  0.319737  1.000000  0.143867  0.456828   \n",
       "hr         -0.279156 -0.000848 -0.011831  0.143867  1.000000  0.303310   \n",
       "casual     -0.345498  0.036796  0.132017  0.456828  0.303310  1.000000   \n",
       "registered -0.269805 -0.048350  0.179896  0.331619  0.374755  0.506877   \n",
       "\n",
       "            registered  \n",
       "hum          -0.269805  \n",
       "holiday      -0.048350  \n",
       "season        0.179896  \n",
       "temp          0.331619  \n",
       "hr            0.374755  \n",
       "casual        0.506877  \n",
       "registered    1.000000  "
      ]
     },
     "execution_count": 586,
     "metadata": {},
     "output_type": "execute_result"
    }
   ],
   "source": [
    "correlation_matrix = dataset.corr()\n",
    "correlation_matrix"
   ]
  },
  {
   "cell_type": "code",
   "execution_count": 588,
   "metadata": {
    "id": "XkO0_4UdcNWe"
   },
   "outputs": [],
   "source": [
    "#Holiday has a very weak correlation with the casual and registered, so it is better to remove it to make the model more simple\n",
    "dataset.drop('holiday', axis=1, inplace=True)"
   ]
  },
  {
   "cell_type": "code",
   "execution_count": 590,
   "metadata": {
    "colab": {
     "base_uri": "https://localhost:8080/"
    },
    "id": "LsmHJe8TcXa4",
    "outputId": "088a566c-06dd-4eb5-9cb6-10dcc92cf8bb"
   },
   "outputs": [
    {
     "data": {
      "text/html": [
       "<div>\n",
       "<style scoped>\n",
       "    .dataframe tbody tr th:only-of-type {\n",
       "        vertical-align: middle;\n",
       "    }\n",
       "\n",
       "    .dataframe tbody tr th {\n",
       "        vertical-align: top;\n",
       "    }\n",
       "\n",
       "    .dataframe thead th {\n",
       "        text-align: right;\n",
       "    }\n",
       "</style>\n",
       "<table border=\"1\" class=\"dataframe\">\n",
       "  <thead>\n",
       "    <tr style=\"text-align: right;\">\n",
       "      <th></th>\n",
       "      <th>hum</th>\n",
       "      <th>season</th>\n",
       "      <th>temp</th>\n",
       "      <th>hr</th>\n",
       "      <th>casual</th>\n",
       "      <th>registered</th>\n",
       "    </tr>\n",
       "  </thead>\n",
       "  <tbody>\n",
       "    <tr>\n",
       "      <th>hum</th>\n",
       "      <td>1.000000</td>\n",
       "      <td>0.145679</td>\n",
       "      <td>-0.068842</td>\n",
       "      <td>-0.279156</td>\n",
       "      <td>-0.345498</td>\n",
       "      <td>-0.269805</td>\n",
       "    </tr>\n",
       "    <tr>\n",
       "      <th>season</th>\n",
       "      <td>0.145679</td>\n",
       "      <td>1.000000</td>\n",
       "      <td>0.319737</td>\n",
       "      <td>-0.011831</td>\n",
       "      <td>0.132017</td>\n",
       "      <td>0.179896</td>\n",
       "    </tr>\n",
       "    <tr>\n",
       "      <th>temp</th>\n",
       "      <td>-0.068842</td>\n",
       "      <td>0.319737</td>\n",
       "      <td>1.000000</td>\n",
       "      <td>0.143867</td>\n",
       "      <td>0.456828</td>\n",
       "      <td>0.331619</td>\n",
       "    </tr>\n",
       "    <tr>\n",
       "      <th>hr</th>\n",
       "      <td>-0.279156</td>\n",
       "      <td>-0.011831</td>\n",
       "      <td>0.143867</td>\n",
       "      <td>1.000000</td>\n",
       "      <td>0.303310</td>\n",
       "      <td>0.374755</td>\n",
       "    </tr>\n",
       "    <tr>\n",
       "      <th>casual</th>\n",
       "      <td>-0.345498</td>\n",
       "      <td>0.132017</td>\n",
       "      <td>0.456828</td>\n",
       "      <td>0.303310</td>\n",
       "      <td>1.000000</td>\n",
       "      <td>0.506877</td>\n",
       "    </tr>\n",
       "    <tr>\n",
       "      <th>registered</th>\n",
       "      <td>-0.269805</td>\n",
       "      <td>0.179896</td>\n",
       "      <td>0.331619</td>\n",
       "      <td>0.374755</td>\n",
       "      <td>0.506877</td>\n",
       "      <td>1.000000</td>\n",
       "    </tr>\n",
       "  </tbody>\n",
       "</table>\n",
       "</div>"
      ],
      "text/plain": [
       "                 hum    season      temp        hr    casual  registered\n",
       "hum         1.000000  0.145679 -0.068842 -0.279156 -0.345498   -0.269805\n",
       "season      0.145679  1.000000  0.319737 -0.011831  0.132017    0.179896\n",
       "temp       -0.068842  0.319737  1.000000  0.143867  0.456828    0.331619\n",
       "hr         -0.279156 -0.011831  0.143867  1.000000  0.303310    0.374755\n",
       "casual     -0.345498  0.132017  0.456828  0.303310  1.000000    0.506877\n",
       "registered -0.269805  0.179896  0.331619  0.374755  0.506877    1.000000"
      ]
     },
     "execution_count": 590,
     "metadata": {},
     "output_type": "execute_result"
    }
   ],
   "source": [
    "correlation_matrix = dataset.corr()\n",
    "correlation_matrix"
   ]
  },
  {
   "cell_type": "markdown",
   "metadata": {
    "id": "gMiFJ27bcdcL"
   },
   "source": [
    "# One hot encoding and Feature engineering"
   ]
  },
  {
   "cell_type": "markdown",
   "metadata": {
    "id": "ffESXU-WeC6q"
   },
   "source": [
    "Create Feature Engineering and one hot encoding for hr column"
   ]
  },
  {
   "cell_type": "code",
   "execution_count": 594,
   "metadata": {
    "id": "4zLOLr8ccsK0"
   },
   "outputs": [],
   "source": [
    "#dawn = 00-05\n",
    "#morning = 06-11\n",
    "#afternoon = 12-17\n",
    "#evening = 18-23\n",
    "\n",
    "def hr_to_timecat(x):\n",
    "  if x >= 18:\n",
    "    return 'evening'\n",
    "  elif x>= 12:\n",
    "    return 'afternoon'\n",
    "  elif x>= 6:\n",
    "    return 'morning'\n",
    "  else:\n",
    "    return 'dawn'\n",
    "\n",
    "dataset['time_category'] = dataset['hr'].apply(hr_to_timecat)\n",
    "one_hot_time = pd.get_dummies(dataset['time_category'])\n",
    "dataset = pd.concat([dataset, one_hot_time], axis=1)\n",
    "dataset.drop('time_category', axis=1, inplace=True)"
   ]
  },
  {
   "cell_type": "code",
   "execution_count": 596,
   "metadata": {
    "colab": {
     "base_uri": "https://localhost:8080/"
    },
    "id": "oLhp6NzFdLdG",
    "outputId": "c3a75f82-2162-4ce0-cdc6-6d8f28335a5c"
   },
   "outputs": [
    {
     "data": {
      "text/html": [
       "<div>\n",
       "<style scoped>\n",
       "    .dataframe tbody tr th:only-of-type {\n",
       "        vertical-align: middle;\n",
       "    }\n",
       "\n",
       "    .dataframe tbody tr th {\n",
       "        vertical-align: top;\n",
       "    }\n",
       "\n",
       "    .dataframe thead th {\n",
       "        text-align: right;\n",
       "    }\n",
       "</style>\n",
       "<table border=\"1\" class=\"dataframe\">\n",
       "  <thead>\n",
       "    <tr style=\"text-align: right;\">\n",
       "      <th></th>\n",
       "      <th>hum</th>\n",
       "      <th>season</th>\n",
       "      <th>temp</th>\n",
       "      <th>hr</th>\n",
       "      <th>casual</th>\n",
       "      <th>registered</th>\n",
       "      <th>afternoon</th>\n",
       "      <th>dawn</th>\n",
       "      <th>evening</th>\n",
       "      <th>morning</th>\n",
       "    </tr>\n",
       "  </thead>\n",
       "  <tbody>\n",
       "    <tr>\n",
       "      <th>hum</th>\n",
       "      <td>1.000000</td>\n",
       "      <td>0.145679</td>\n",
       "      <td>-0.068842</td>\n",
       "      <td>-0.279156</td>\n",
       "      <td>-0.345498</td>\n",
       "      <td>-0.269805</td>\n",
       "      <td>-0.365185</td>\n",
       "      <td>0.277500</td>\n",
       "      <td>-0.048325</td>\n",
       "      <td>0.136154</td>\n",
       "    </tr>\n",
       "    <tr>\n",
       "      <th>season</th>\n",
       "      <td>0.145679</td>\n",
       "      <td>1.000000</td>\n",
       "      <td>0.319737</td>\n",
       "      <td>-0.011831</td>\n",
       "      <td>0.132017</td>\n",
       "      <td>0.179896</td>\n",
       "      <td>0.005418</td>\n",
       "      <td>0.013056</td>\n",
       "      <td>-0.012722</td>\n",
       "      <td>-0.005695</td>\n",
       "    </tr>\n",
       "    <tr>\n",
       "      <th>temp</th>\n",
       "      <td>-0.068842</td>\n",
       "      <td>0.319737</td>\n",
       "      <td>1.000000</td>\n",
       "      <td>0.143867</td>\n",
       "      <td>0.456828</td>\n",
       "      <td>0.331619</td>\n",
       "      <td>0.181288</td>\n",
       "      <td>-0.138012</td>\n",
       "      <td>0.028427</td>\n",
       "      <td>-0.071776</td>\n",
       "    </tr>\n",
       "    <tr>\n",
       "      <th>hr</th>\n",
       "      <td>-0.279156</td>\n",
       "      <td>-0.011831</td>\n",
       "      <td>0.143867</td>\n",
       "      <td>1.000000</td>\n",
       "      <td>0.303310</td>\n",
       "      <td>0.374755</td>\n",
       "      <td>0.248549</td>\n",
       "      <td>-0.749826</td>\n",
       "      <td>0.750980</td>\n",
       "      <td>-0.251708</td>\n",
       "    </tr>\n",
       "    <tr>\n",
       "      <th>casual</th>\n",
       "      <td>-0.345498</td>\n",
       "      <td>0.132017</td>\n",
       "      <td>0.456828</td>\n",
       "      <td>0.303310</td>\n",
       "      <td>1.000000</td>\n",
       "      <td>0.506877</td>\n",
       "      <td>0.444852</td>\n",
       "      <td>-0.365291</td>\n",
       "      <td>-0.003913</td>\n",
       "      <td>-0.075916</td>\n",
       "    </tr>\n",
       "    <tr>\n",
       "      <th>registered</th>\n",
       "      <td>-0.269805</td>\n",
       "      <td>0.179896</td>\n",
       "      <td>0.331619</td>\n",
       "      <td>0.374755</td>\n",
       "      <td>0.506877</td>\n",
       "      <td>1.000000</td>\n",
       "      <td>0.266529</td>\n",
       "      <td>-0.506691</td>\n",
       "      <td>0.138990</td>\n",
       "      <td>0.100034</td>\n",
       "    </tr>\n",
       "    <tr>\n",
       "      <th>afternoon</th>\n",
       "      <td>-0.365185</td>\n",
       "      <td>0.005418</td>\n",
       "      <td>0.181288</td>\n",
       "      <td>0.248549</td>\n",
       "      <td>0.444852</td>\n",
       "      <td>0.266529</td>\n",
       "      <td>1.000000</td>\n",
       "      <td>-0.331472</td>\n",
       "      <td>-0.333734</td>\n",
       "      <td>-0.333734</td>\n",
       "    </tr>\n",
       "    <tr>\n",
       "      <th>dawn</th>\n",
       "      <td>0.277500</td>\n",
       "      <td>0.013056</td>\n",
       "      <td>-0.138012</td>\n",
       "      <td>-0.749826</td>\n",
       "      <td>-0.365291</td>\n",
       "      <td>-0.506691</td>\n",
       "      <td>-0.331472</td>\n",
       "      <td>1.000000</td>\n",
       "      <td>-0.332928</td>\n",
       "      <td>-0.332928</td>\n",
       "    </tr>\n",
       "    <tr>\n",
       "      <th>evening</th>\n",
       "      <td>-0.048325</td>\n",
       "      <td>-0.012722</td>\n",
       "      <td>0.028427</td>\n",
       "      <td>0.750980</td>\n",
       "      <td>-0.003913</td>\n",
       "      <td>0.138990</td>\n",
       "      <td>-0.333734</td>\n",
       "      <td>-0.332928</td>\n",
       "      <td>1.000000</td>\n",
       "      <td>-0.335199</td>\n",
       "    </tr>\n",
       "    <tr>\n",
       "      <th>morning</th>\n",
       "      <td>0.136154</td>\n",
       "      <td>-0.005695</td>\n",
       "      <td>-0.071776</td>\n",
       "      <td>-0.251708</td>\n",
       "      <td>-0.075916</td>\n",
       "      <td>0.100034</td>\n",
       "      <td>-0.333734</td>\n",
       "      <td>-0.332928</td>\n",
       "      <td>-0.335199</td>\n",
       "      <td>1.000000</td>\n",
       "    </tr>\n",
       "  </tbody>\n",
       "</table>\n",
       "</div>"
      ],
      "text/plain": [
       "                 hum    season      temp        hr    casual  registered  \\\n",
       "hum         1.000000  0.145679 -0.068842 -0.279156 -0.345498   -0.269805   \n",
       "season      0.145679  1.000000  0.319737 -0.011831  0.132017    0.179896   \n",
       "temp       -0.068842  0.319737  1.000000  0.143867  0.456828    0.331619   \n",
       "hr         -0.279156 -0.011831  0.143867  1.000000  0.303310    0.374755   \n",
       "casual     -0.345498  0.132017  0.456828  0.303310  1.000000    0.506877   \n",
       "registered -0.269805  0.179896  0.331619  0.374755  0.506877    1.000000   \n",
       "afternoon  -0.365185  0.005418  0.181288  0.248549  0.444852    0.266529   \n",
       "dawn        0.277500  0.013056 -0.138012 -0.749826 -0.365291   -0.506691   \n",
       "evening    -0.048325 -0.012722  0.028427  0.750980 -0.003913    0.138990   \n",
       "morning     0.136154 -0.005695 -0.071776 -0.251708 -0.075916    0.100034   \n",
       "\n",
       "            afternoon      dawn   evening   morning  \n",
       "hum         -0.365185  0.277500 -0.048325  0.136154  \n",
       "season       0.005418  0.013056 -0.012722 -0.005695  \n",
       "temp         0.181288 -0.138012  0.028427 -0.071776  \n",
       "hr           0.248549 -0.749826  0.750980 -0.251708  \n",
       "casual       0.444852 -0.365291 -0.003913 -0.075916  \n",
       "registered   0.266529 -0.506691  0.138990  0.100034  \n",
       "afternoon    1.000000 -0.331472 -0.333734 -0.333734  \n",
       "dawn        -0.331472  1.000000 -0.332928 -0.332928  \n",
       "evening     -0.333734 -0.332928  1.000000 -0.335199  \n",
       "morning     -0.333734 -0.332928 -0.335199  1.000000  "
      ]
     },
     "execution_count": 596,
     "metadata": {},
     "output_type": "execute_result"
    }
   ],
   "source": [
    "correlation_matrix = dataset.corr()\n",
    "correlation_matrix"
   ]
  },
  {
   "cell_type": "code",
   "execution_count": 598,
   "metadata": {
    "id": "jfxjPbg-dkEo"
   },
   "outputs": [],
   "source": [
    "#We can see now the one hot encoding of time of the day has better correlation to target variable\n",
    "#So we will remove hr column, and remove morning column to fix the dummy variable trap\n",
    "#Why morning ? because morning has the weakest correlation of all\n",
    "dataset.drop('hr', axis=1, inplace=True)\n",
    "dataset.drop('morning', axis=1, inplace=True)"
   ]
  },
  {
   "cell_type": "code",
   "execution_count": 600,
   "metadata": {
    "colab": {
     "base_uri": "https://localhost:8080/"
    },
    "id": "gyJ1do2jd5-_",
    "outputId": "1c45a9c4-aa06-41aa-abbf-7a068440a85d"
   },
   "outputs": [
    {
     "data": {
      "text/html": [
       "<div>\n",
       "<style scoped>\n",
       "    .dataframe tbody tr th:only-of-type {\n",
       "        vertical-align: middle;\n",
       "    }\n",
       "\n",
       "    .dataframe tbody tr th {\n",
       "        vertical-align: top;\n",
       "    }\n",
       "\n",
       "    .dataframe thead th {\n",
       "        text-align: right;\n",
       "    }\n",
       "</style>\n",
       "<table border=\"1\" class=\"dataframe\">\n",
       "  <thead>\n",
       "    <tr style=\"text-align: right;\">\n",
       "      <th></th>\n",
       "      <th>hum</th>\n",
       "      <th>season</th>\n",
       "      <th>temp</th>\n",
       "      <th>casual</th>\n",
       "      <th>registered</th>\n",
       "      <th>afternoon</th>\n",
       "      <th>dawn</th>\n",
       "      <th>evening</th>\n",
       "    </tr>\n",
       "  </thead>\n",
       "  <tbody>\n",
       "    <tr>\n",
       "      <th>hum</th>\n",
       "      <td>1.000000</td>\n",
       "      <td>0.145679</td>\n",
       "      <td>-0.068842</td>\n",
       "      <td>-0.345498</td>\n",
       "      <td>-0.269805</td>\n",
       "      <td>-0.365185</td>\n",
       "      <td>0.277500</td>\n",
       "      <td>-0.048325</td>\n",
       "    </tr>\n",
       "    <tr>\n",
       "      <th>season</th>\n",
       "      <td>0.145679</td>\n",
       "      <td>1.000000</td>\n",
       "      <td>0.319737</td>\n",
       "      <td>0.132017</td>\n",
       "      <td>0.179896</td>\n",
       "      <td>0.005418</td>\n",
       "      <td>0.013056</td>\n",
       "      <td>-0.012722</td>\n",
       "    </tr>\n",
       "    <tr>\n",
       "      <th>temp</th>\n",
       "      <td>-0.068842</td>\n",
       "      <td>0.319737</td>\n",
       "      <td>1.000000</td>\n",
       "      <td>0.456828</td>\n",
       "      <td>0.331619</td>\n",
       "      <td>0.181288</td>\n",
       "      <td>-0.138012</td>\n",
       "      <td>0.028427</td>\n",
       "    </tr>\n",
       "    <tr>\n",
       "      <th>casual</th>\n",
       "      <td>-0.345498</td>\n",
       "      <td>0.132017</td>\n",
       "      <td>0.456828</td>\n",
       "      <td>1.000000</td>\n",
       "      <td>0.506877</td>\n",
       "      <td>0.444852</td>\n",
       "      <td>-0.365291</td>\n",
       "      <td>-0.003913</td>\n",
       "    </tr>\n",
       "    <tr>\n",
       "      <th>registered</th>\n",
       "      <td>-0.269805</td>\n",
       "      <td>0.179896</td>\n",
       "      <td>0.331619</td>\n",
       "      <td>0.506877</td>\n",
       "      <td>1.000000</td>\n",
       "      <td>0.266529</td>\n",
       "      <td>-0.506691</td>\n",
       "      <td>0.138990</td>\n",
       "    </tr>\n",
       "    <tr>\n",
       "      <th>afternoon</th>\n",
       "      <td>-0.365185</td>\n",
       "      <td>0.005418</td>\n",
       "      <td>0.181288</td>\n",
       "      <td>0.444852</td>\n",
